-0.7078286002590835
1.170257084071455
-1.4340861577113697
0.10997325997059251
1.0854376622461697
0.31180012171621363
0.261955475167721
1.2517835578102474
1.123301148331662
-0.09683119765256057
-0.34439616589815725
-1.2245292195602635
0.25838905851160704
0.5340574334747779
0.1610275859676846
-1.676761939754252
0.3228218966571017
-1.0643520862928253
1.0932558550246185
-1.7152045045548034
-0.25151950843824483
0.22418484275654302
-1.0886286310230073
-1.133619848797258
0.5038018268497542
-2.109367444828534
-0.17769104248276552
1.2076898100401514
-0.7462459615915537
0.5914413857462901
0.9130306734860155
-0.117967457767825
0.14542695580436188
0.807286170809309
-0.17120721834730984
-0.8070024237914248
0.7392216716916681
-2.4983534427355165
-0.5248433236682537
0.6224116555511258
0.354028385150475
-0.91882574919975
0.2746916803775337
0.7317278306759734
0.7019109876706129
0.8218106537828487
-0.2567022419453789
0.4749486202799465
0.9156278178834018
1.713558865714108
-1.047918240179147
0.43957958810725
-1.33315649709048
0.9309202621537842
0.8755193032850727
-1.2295953174529906
0.48584907123661863
0.5415875316246466
-2.050279786780281
1.302775877201893
-0.9403736205021423
-0.5010833452815364
0.4815748086146183
-0.8434030875623051
-0.6354030769395286
0.8540562020009352
-0.4268644967911415
0.03783244514246277
0.2529175899804
-1.924170787361124
-0.442910652863734
0.3038757141850273
0.4255645521756395
0.7848847429331844
0.5818996496438877
-0.6673335781857762
0.34434695738817855
2.1382569104730247
0.1598805790478906
-0.6650972259593174
-1.142665075541062
1.0053854291792859
-0.6588807993052872
1.3749458289187177
-0.6169690560997032
0.48730665481110147
0.5889734071205793
-0.4596395390775875
0.4194853730347051
0.7134651047019958
-0.01843592420681766
1.5013809458347622
1.2297414390910704
0.7353304864838607
-1.4561321883009046
1.0115082327434728
-0.9915493582843419
-1.3346181283526724
-0.42554169759026145
2.4925958508025112
-0.6777557432981135
1.0598397251950236
0.7048758026077245
0.1545376325859832
3.0502085061459807
0.14881267105077103
0.3191790530459417
1.0219048965775652
-1.2081556325462346
-0.43566525692207814
1.8697564316710733
1.071613717089406
-0.06204538261113354
-0.40580367674556816
0.41226139984716437
1.621380846128455
-0.8434945587925672
-0.4493091795515904
-0.4031614453090317
2.6952719468401583
0.7683645733126581
0.11569254001772482
0.24164123926493458
1.8914322068448894
-0.2065369597122246
1.1301944186372734
-1.7919390730961724
0.17712784774693588
-0.18679598209968828
-0.9867634209175838
0.28647530393662357
0.3654554464999814
-0.768061698206595
2.177552012086061
-0.18422825094103348
0.289995010958999
-2.0478080768690377
-0.11130535940285134
-0.2217507868494511
-0.11872917673234822
1.999564779788681
0.14851118281528575
-0.7390788894249318
1.732810222703043
1.406829735947376
0.4466547954901297
-1.594153325976237
-1.0365816624190733
1.328319293253043
-0.5850076627404572
1.0611758633643147
0.3225691280485126
-1.1162438245539577
-0.14624007262910468
-0.4600289040238864
-0.002156718785836657
-0.5240807822929517
-1.1197187958309303
0.3077831164994754
-0.13483882348584686
-2.294638810684237
-0.5323403937769022
0.31144124883148205
0.5344751416092575
1.300783294112689
0.8901741494902559
1.0412036675124616
2.2034982091036843
-1.306203532492698
0.08833301931137878
0.40660366986041635
-0.0036331141085212152
-1.0132745650856305
0.809663135440144
-1.2459550211575219
-0.4397426008903739
-0.12750788651500558
0.19063179217223689
0.9125285052151402
-0.9760542375160308
0.5961170623373383
0.1819704753586019
-0.4154348398453567
1.4962292017953605
-1.0035523288265225
0.23168043084418824
-0.783833780770166
-0.40058971064983556
-0.08071159914487397
1.585970019635721
1.9433545770786014
-0.03101151208008271
2.4249247654552373
-0.002029798738681657
-1.8845675200936838
-0.9736026455706956
0.17731949208932102
1.2599321996205641
1.6337812240086127
-1.9750591917845501
-0.19610503972982812
-0.1959872324289671
1.0687639433153577
1.5810978444101302
-0.017430462898277172
0.8290182005273476
1.1799656169275807
-0.05463234826900583
1.3519152372949448
-2.1342176467081675
2.0346924678389193
-1.3776114042757748
-0.2617322535340033
-1.7483857508661536
-1.0914897124889158
0.48641461764644583
-0.21667067575673163
-0.38044045854010616
-0.7932326466929657
-0.7120457323906879
-0.7297452492601769
-1.9038175466470002
0.07147510036003724
0.4610771794706686
-0.6100340606780814
-0.5987156874603221
-0.8391002604759695
-0.5385961405854083
1.2316738644006795
1.0791671967333287
-1.7302558212096548
0.22509108634835154
1.980389167335464
-0.763210211983491
-0.09222612260401096
0.40969463319135757
-0.02618929677427178
0.9395796385694769
0.5619990775722626
2.1792228876897672
0.3110039834211239
1.3535030559667824
0.6221377093498616
0.18953492565706942
-1.2319783592349594
0.7214318488078804
-1.320407864131743
0.39196773658906686
2.0336135140511775
1.2657079890508178
0.17760551542404723
0.0756352525532959
-0.14761570734443505
0.9230585850876185
0.6194234690295713
-0.14790238398406214
-0.22021647382245232
0.3819095102364088
-1.3325748424863122
-0.9653069042973866
-0.18973931496329427
2.11286078347117
1.083986294797546
0.045345441259169166
0.8971874298395573
0.820526688377164
1.4198543132959065
-0.638001122421428
-0.7562661212980917
-0.20615768709073584
-1.0082482031388191
-1.0801034535045857
-0.6583857250145511
-0.2061230131659691
-1.479615371305681
0.871524044593512
-1.37754925769343
-1.4348143979367491
-0.13650715377163508
-0.5212460528182302
1.6113693135448115
-0.138796429634214
0.12016110104427098
-2.201952820718723
0.7180625022714445
-0.3148261461847359
1.233982826061302
0.8179636396269108
-0.19210015821649146
-1.3375437118551188
0.6933914969073863
1.6190870376174746
-1.3313280230154805
-1.4226519339591825
-0.40006113985022834
0.5202247406455128
-0.98687796544691
2.3269729118238915
-0.616513369148072
0.176590105064168
0.5768038954094573
1.6782495989979473
0.4602924657725439
-0.02668880023669236
-0.07182627366875871
-1.3453494271919875
0.823377489749959
0.13094990952666474
-0.30725613037273736
0.2869588816986555
-0.2947365159432355
2.0587798400211197
1.0924083050515845
-0.19490679499069322
0.44782841938612594
-0.18414439781753733
-0.152815532979647
-0.42117351135918474
-2.660216990664645
0.6029494640020684
-0.28052957016489555
0.9105544782601289
-1.1376953337903717
-0.26352972350693665
0.23085168521809366
-0.6237856481292642
0.5139034723880488
0.4185111843389399
1.1238877855467602
-0.7204762837335742
0.4346125099340133
0.7939229729292825
0.665717330152804
-0.5760862553874601
-1.0281845303332156
0.14858739215442066
-0.7681269866327561
-0.49407412026014264
-0.4918473104491411
-0.8513263293304384
0.8611823315565944
1.3658309331835277
0.03217413410750109
-0.7484060116708765
1.571540057952209
-0.313672591742464
0.09641146912618034
-0.8393394856685695
0.9139889684039402
0.360264583174943
1.9035001606194288
-2.0191900070257405
-0.4890286129900942
0.647637436435072
-0.6844668943602291
-0.22712523352821265
-1.6643597359698057
0.31300933454633256
-0.17701564780871237
-1.777512109345277
1.716488008502517
-0.38123265654847793
-0.5203918334999931
-0.1325160337956748
-0.829691246158033
-1.3788857500123475
-0.6814248231819269
-1.253343808427676
0.345186254318449
-1.3836348381868395
-1.2730366677732816
-0.018107947761025513
0.9354671749075932
-1.115379462840945
0.3289873826661711
-0.0121915170893006
-2.391903089576963
1.3494195288580493
-0.1964589803944291
1.1018340851206512
0.19724069524015644
1.223939662081318
1.1198506880658563
-0.9427715425940446
0.131457632468995
-0.6619259768791055
1.3219077338085379
0.08106790270263761
-0.06732342796525939
0.627846472725172
1.2177288398418964
0.6976212191716028
1.4907272673221292
-0.46785917382942577
-0.24229222780961723
-0.785338980962553
0.21955067312981702
1.1064520764491983
1.3517741988644196
-0.16510201623681386
-0.30444780946121364
1.5728014313065688
0.29955788515344284
-0.012843242433948883
1.2155777653032478
-0.6079324669437562
-0.2448784194474511
1.6871091284685098
0.9763562007198592
0.8702290528168064
-1.856006913155752
0.3248413671580423
-1.619167569790683
0.34289377666114246
-2.4807693367838373
0.8100356604365277
0.8556775600400466
2.0103590170558046
-0.6178799287855585
0.31582910828859706
-1.3128617508239997
-0.06085290966502759
-1.3716196339543887
1.6881735960361144
1.1021221096618612
0.9955082854752085
0.016365725780389716
0.3638220026218887
-0.8842178961288021
-0.3497233969515241
-0.26753707521913705
0.0075925015477693505
-2.152771983983702
0.5208229119952701
0.2111510678995153
-0.007784574907711975
-0.835237021814069
-0.7224030845891308
-0.5561228066292663
-0.5515227731202769
0.5575534043511983
0.074194740610764
-1.5921740224406078
-1.4063325133030795
-0.7484271042205334
-1.8777357361361569
-0.18401975542188953
-1.5089462548596364
-0.7255574104887547
0.14821023604341055
-0.5457768065332783
-0.2209926547032188
-0.877176431357002
-1.1822500596544245
-1.3033063902696598
-0.24239712644753672
-0.49244849325673024
0.4163392940462173
0.23147104816621702
1.6959498330678777
0.5456818472847393
1.9476380486001141
-0.15747471720942252
1.3037800866892084
-0.07193833091438276
0.26640575423421947
-1.0201871928718393
0.045294868463943136
0.9300225090402287
0.11487766070521724
0.07305011283879743
-0.7130934093968287
0.6312219893300646
0.15452592046543823
1.879054526908523
-0.22387448772663496
-0.6361167133372565
0.6713867013521778
-0.6615412112482035
1.2691570802968664
-1.1501008919100106
-1.4553455294716409
0.4174529446366241
-0.20358365214114274
-0.5273068877069421
-0.779019782036183
0.6193883967684368
-0.9662873458860177
1.6178744015188826
-1.2420063204674343
-0.9939959230809902
0.9562309033050916
-0.7222559041443448
0.7116598000515049
1.0138810901609414
0.19925981118123554
0.9958983200531077
-0.8534173713546267
-0.6627589381741615
-1.3103817440214267
-1.9983902503190383
-0.22565690403433092
0.39895374082507107
-1.1532975528099259
-0.726630435822179
0.9104197157487257
-0.574667845804431
-0.26132461496472403
0.5188407731318976
-0.6873911525135127
0.06610789847190263
0.033666784059333
