-1.0532028729873306
0.26561048241815527
0.5393741950009749
-0.4117478047036039
-1.9452673788331343
-0.5576143499232519
-2.0145153504439675
2.026447571241263
-0.005638818705245611
-0.8448660283931947
1.0612234123733728
0.8979478078912815
0.13030898205880487
1.1715118336230301
1.0060242726917008
0.40319667103223766
1.723162660984548
-2.1565007536073875
-1.1189976378245712
0.5403244876128375
0.23967566915150787
-0.3277060911076779
0.0539615189578849
-0.3133856888427272
-0.20958609201801962
0.6838295964559469
-0.5529427414847993
-0.9491549523808143
1.0512331930989203
-0.20812525881271737
0.9059948594206638
-0.24586741627459946
0.06396783893698306
-1.4073103507784894
-0.04659466727357898
0.09068180364339913
-0.5895294513208829
0.011895794272984138
1.8588975662916014
-0.4080103114272201
-0.12756502341005682
-0.2999856705790099
0.7110122165781811
-0.6120237083309115
1.4123661016923876
-0.11001182191882523
-0.6102439637146153
0.06217163196095949
1.0460529624704076
0.3926563004768068
-1.0761959276498165
-0.13021178750362794
0.5036096733459322
2.1941745684433123
1.0525063781720996
0.3921151503000865
-1.5887737425607622
-1.172126989756724
1.0891682709895065
-1.0745166841741605
1.2518502441154644
-0.01854015875445611
-1.5383665509444688
1.4921315620226814
0.6963544895948297
-0.3921070076528967
1.6316641358799957
1.837289848497482
0.15728231438214837
-1.1107594907602445
0.0477358273429686
-0.014993782115297416
-0.6910169035208404
-0.4265600640617114
-1.0802474033754041
-0.1989385397319867
0.474915082544803
-0.16020637373245747
1.2652791282290086
-1.722268751071624
0.5834249104502328
1.149620019503666
0.7659022868803504
1.7043740301899055
0.06265783555912305
0.7949339703722782
-0.5863569953467066
1.8901322827171543
0.7875738523168395
-0.5444421262569832
-0.7918444813011389
-1.3903022855105267
1.6141829860818824
1.290269034134626
-0.2807853957748124
0.5265752490177761
0.24381220525578404
0.35411740597427604
-0.009421321867160992
0.008848960040644614
1.5987350200742507
-0.6237592732118852
0.9634586558546676
-0.9675232249030681
-0.15698064907392872
-1.5854620777379744
0.010719351172612294
-1.107379026900825
0.14648452354711103
1.3885152587980851
1.8745895224463576
1.7874744048545719
-0.265882937160427
0.8854164286531285
-0.07727560258463387
0.09935328958110312
-0.030093521976089298
0.6854784555069652
-0.9423936587547863
-0.02115880962626572
0.46849451862220565
1.6586665241431364
-1.1123217534036465
-0.3775054802911701
0.36578990939301115
-0.8675945956676882
-0.1455595546421605
-0.3465966219469143
-1.0456556837504256
1.481349383085263
-0.19069526019939645
-0.6136909257126711
0.035349930439024325
-1.7210854346381699
0.2885486166443782
1.9490550679246599
-1.3774688450657855
-1.226918611376079
-0.9713643912729024
1.1326321906783905
0.49203144164366414
-1.2128346668517707
0.5419041293298527
-1.1950328195202133
-0.383075376095571
1.1633707399111732
0.6659072090184928
0.5084998569560572
2.0937320557796366
0.8983191428379529
0.15526055537392183
0.914569498385064
0.21775376906931546
0.7049878066787492
0.17832482335803326
-2.073068072578193
-0.19606537859132536
-0.1873629139502543
-0.2086822815441483
-0.5077678039129726
0.6610779291735118
-0.3188162302743647
-1.5240095693773288
-0.20986829388694409
-1.0704115116603914
0.41945191972085777
0.7649043416202972
-0.36304217653984516
-0.6479009147263789
0.789098254938056
-0.3814708897190569
-0.18883696460173158
-0.9399105554743892
1.0306392169184702
-0.6499886681230115
-0.8462218345912463
-1.0958365490125395
-0.4981224689624465
0.37669707307042977
2.2072268835095334
1.595426418999105
0.28724753608193077
-0.39656332596239485
-0.0680427863239842
1.2525131116342823
0.21818826469064082
-0.9277684987338968
-0.037090084020912774
0.40431609702126514
0.7109578843405961
-0.9370905943539658
1.8226583745585503
-0.5815542287199462
-1.758190619903452
0.7073369359830716
1.5554746195611135
-0.2967936817721361
0.5257141692739922
-1.9849614808159044
1.8964329531531263
-0.7241803930843633
-2.031396548518591
0.8557531973972455
1.815672743909674
-0.008724571655258875
-0.50384096462951
0.6008066167945664
1.2795815293485473
0.9915881726421147
-0.44510496376057324
-0.5311269025502418
-0.41552212747088446
1.9912676085063479
-0.6414013050833056
0.05975611371851106
0.9163159694617338
0.0503246094553439
0.28842734875111264
0.2048557717844418
-2.181499321320405
-0.14600840354451536
0.7257940352307273
1.4520384889262832
-1.5368502281778862
0.358089841446423
-0.39237847905584505
-0.3610077013111332
-1.409263122520184
-1.0772746226718388
0.47629035727867614
-0.5022702719786368
0.8356204639019482
-0.6920721404696091
0.8577182232015952
1.058423387888638
-0.07108093546501969
1.5325189040553011
-2.219755141491713
-0.1815901118032103
-0.28200078909287946
0.6976920907748054
1.5056156655130484
-0.9810931769764871
-1.6612251204352566
2.60318883525775
-0.32904159265648797
0.014531413848290032
0.9629296606392419
1.6029745911826057
0.4132514921748712
-0.8503939042580068
0.18531909446835293
-0.4678870913560941
-0.40066028709342943
0.5013663591006323
-0.6380287880686444
-0.20177236027435833
-0.6532486141685204
0.4427655177237394
1.1989829947948911
-0.3703922822043371
-0.11746249469440255
0.8648313102100152
-0.36480675400843654
-1.4820472529742232
-0.9496053376752311
1.1888060540985426
-1.4883138971226335
-0.6991160891879378
-1.4984769438620693
-0.9328906168886834
0.5464589599693105
1.784840142728137
0.9105511892178118
1.6648145740861215
-0.7730379432127384
0.3337836687885586
0.6069664002544622
-1.776994722986796
-1.471782320798574
2.10822571685932
-0.773282585256533
-1.1251574274686416
0.772505531237532
0.0010334024638279675
0.903023796797562
-0.1300121452900218
-1.5238841923635098
1.7934632513712672
-0.18206425875000498
0.31715154683158775
-1.1060698050030298
-1.0037668477378803
0.5998847869218342
0.500808540747249
-0.9585204258886721
-0.21134019478489713
0.08882948104676144
-0.199116971736399
-0.9965935421631623
0.7479701308210692
-0.9468092957663938
1.3000814392081363
0.9934518573991586
-0.09814256330741213
0.2910592236651491
-0.5211607231751331
-0.2006468570750378
2.1823079629098574
0.1810222316766391
0.8272039594961432
-1.058801642479391
-0.3684707463410947
-0.148653774367261
-1.343986477114954
0.7980236792172926
-0.6732575712503155
-0.4002495800130333
-0.8009602146548304
-0.8430243167696116
-1.5393767205348745
0.9828146728196524
0.10732839087159322
-0.03149712670036076
0.6171725680720167
-0.24277204679352746
1.2688281713200453
0.617384213915677
0.48766690327200973
-1.5918787290493517
2.08769003072717
2.008719516958393
0.41906953243207906
0.8820507684860881
-0.39482880574965074
0.6181429911699503
-0.6619239479319796
0.6026773961855485
-0.6204604356568061
-0.9346506055912014
-0.2666391257870558
1.1114136670211043
-1.7560675556033252
0.6752135574113526
-1.2962730379512932
-0.2323069780953437
0.39141115860367093
-0.3819918101100154
0.3794637322659183
0.7357684434088649
0.4837983964715861
0.6823045527561431
0.8509871434093857
-0.8210932492974268
-1.9861669060831821
-1.8459746976475748
-0.3389124657228199
-0.6814066701551589
-1.33993540777438
-0.20921014746925848
-1.6152325184090714
1.065201376489555
-1.8613476899030506
0.706711780292924
-1.1141594690750343
-0.8192207175372614
-0.15124326422390533
1.3594618278229214
-0.16877742991642625
-0.38380196797796945
1.3796989989210444
-0.10179012933562787
1.0931161541384267
1.5617367758750675
0.01647630764816739
-0.42204407765603424
-0.4604049771579789
-0.1001836276480564
0.31716783653235553
0.4971737283768328
-1.7842839393999077
-1.0690723920932768
-1.0246589700055362
-0.3013770813416603
-0.8529666855913193
1.527764056219962
0.9896141319975948
-1.4581103884990816
2.089557003653396
0.05802959234615047
0.19239285720093388
0.5554699440215062
0.5137353620409101
-1.6645902285735559
1.1018284812532715
-0.7811817997211383
-0.672766247842237
0.3724541215843412
-0.020401958270333906
2.1863885981736564
-0.6440766706020237
0.2435802766673302
-0.6178164438151927
1.319420826073644
0.20654730287261305
-0.06283495514860232
0.6593318237744863
0.006740191783333654
1.2549772069783423
-1.950620922664525
-1.7156692210339477
0.7631432063905375
-0.45252824452826995
2.1046544566913727
1.491546217015637
-1.6158410367588802
1.0346137836655975
0.15598404338135546
-0.7726693064645629
-1.9722465307723667
0.6112905479129511
-0.24645338781766166
-0.008059774508489883
0.5530092106098893
1.4735882801669387
0.8005994871247248
1.1326476222527035
-0.5800954808923411
-0.6109860600120378
-0.4851108676288144
-0.1690673043306717
0.9605874338958954
0.5589684328260788
1.59265788815996
0.6430870504956432
-0.4021801248075939
-0.06404032188763067
-1.4727734464722653
0.3346768576727184
-0.22960178819835106
-0.27627286615516705
-1.0015172852851333
-0.0009241674473232952
0.9999844490825084
-2.905928823026317
-0.3990668308698072
-0.17228874213067993
-0.08267488297679916
0.4526924831996172
1.6233905539258469
0.9173961409862962
0.10754003961272915
0.4487823616533637
-0.6933662566835154
-0.4510711716025306
-1.0878718292574776
-2.2807819247621617
-1.3342162675344234
-1.2163875529148038
-2.228090574837824
0.503146357149643
-1.3895124276075455
-0.14298617782610687
-0.4055358868603567
-0.5573004672107681
2.1003100675772286
-0.20553725581062565
1.3900383620398487
0.5872165989679652
-0.48854243032380773
1.0007867824993344
-2.666525406086752
-0.1266404579576363
0.6223959138659834
-0.036067765349640415
-0.724857181466778
0.6685378430106863
0.32205659063189884
-1.2126266824317298
0.24457696681495192
0.42684343680213394
0.04350924863259189
1.6425680507510636
-0.5402062227758795
-0.6636589169151986
-0.403200422121521
2.5663993075394704
-2.1667029679084333
-1.3742069435779396
1.263143769106836
1.9821911637920684
-1.7589787225091706
0.09772270188899654
0.8677331898713087
-1.5900903645783102
-1.9012181403158652
-0.7739232066704905
-1.1746412637572918
-0.33249924720659546
-0.05950125870427636
0.9522071848020573
-1.4489308035141881
-0.4396198222129403
-1.9407329984912014
-1.216725354599594
-1.6311784924387864
1.789919931200198
0.03241563794268033
0.3493593172958806
2.284555452885055
1.1562179621356847
-0.5528863894618243
