0.5523793744018141
-1.1721095928108909
-0.09909496650199222
-2.555162286685767
0.33731944378186646
0.13052881010132084
-1.0512382690641033
-1.015719551709846
-0.6379174631312772
0.4378290122782829
0.7114916916259554
0.47235714493147524
-0.05524707093379401
-0.451809474622319
0.13210859830540395
3.061597551245866
-0.5474019673236185
0.19545439689636374
0.2921319477255781
0.08772100355264639
0.8421515305256779
-1.3692203275119443
0.40824787646630506
0.17279606061365735
-0.4284121602329911
0.28832912134405125
0.40231998394502955
1.3693786743650416
0.8165102717336991
0.5825917794216251
0.8314509999002961
0.3615046964521332
1.4345613783387807
-0.3104618376014732
0.2546689780694703
0.18616566125209144
0.2993645017916045
0.2588896921880748
-1.2555521263952207
0.26387766671344753
-0.572659382758119
1.0590685854293875
-0.5979791696882875
1.1829128282873709
0.2233101586901616
1.8103267700821843
-1.1230376873538381
0.7812393856347467
0.09722734542831328
-1.3472789129204918
-1.4294706601423417
0.15380147511633088
-1.3320973833040712
-0.33917095612761883
-0.844260427532538
0.04338609013796421
1.872914456210824
-0.16257913210302066
0.6217996435857138
-0.329261765835682
-0.8456552007133242
-0.8836308741270716
1.7345312246159574
-1.5159146653661668
-0.5057602042277014
0.404825370702997
2.206340225246333
1.2178217183327313
-0.7562589551648652
0.07370953867110033
-0.9786810284275159
-0.15824580451426537
-2.2119614410956814
0.9807328230255936
-0.2256271370247298
-0.6343787672012772
-0.5353983826528053
0.2516676433692308
-0.1692711210806926
0.4973004988382567
-1.3373561722287512
1.996894399545008
-1.2498473955109832
1.7728219850070333
0.430102700592377
-0.5213981302043293
-1.4772976427294748
1.2364403159231279
0.00603496678423861
0.807160492796889
1.4678227581724845
-0.2637342520270434
1.3260162435808949
0.25434892671097437
-0.23485089102015563
-1.7507066432115113
-0.3832927369621137
-0.38994794429497265
0.9381865322452889
-0.8243651086829041
-1.1360626920017736
0.2651694722288356
-0.41164161788153686
-0.17364619834227826
0.35911560320579783
-0.25483909185565035
-2.214852231245824
0.10999731656142762
2.225297598558806
-0.914217277931644
-0.24840795016590386
0.11523533600790498
-0.4799205915203484
1.5336511876645216
-0.11346171530737921
-1.2688773013920587
1.0284064740022572
-2.273091920941711
0.9894246255369283
-0.4265934533463343
0.338588691459091
0.6410348749088399
-0.7649617087683097
0.9821283839289097
-0.9526750914761131
2.043722846558726
0.32877702720220503
-0.7868175900284
-0.813625700101146
0.7687348550180408
-1.2339931078439517
0.6749225476746702
-0.20084879987280307
-1.0123184107509409
-0.47912774080106535
-0.7092684120077147
-0.5504140895475376
0.818926727936359
1.316983373308883
0.20159127321639994
0.2804110060980911
-1.5868868957497195
-0.7314084761180359
2.038481343239326
-0.5163391451564524
0.4002001198089587
-0.26468921761642317
-0.5162647204787401
-0.8366468429642823
0.2953454515926718
0.11343896728547487
-0.08901059227289301
1.117993033292418
-1.3185539349975608
1.2474234894394818
-0.3681474379192581
-0.4819006820332958
1.0749607660890101
0.909971783150069
-0.457429814152817
1.9177542200538868
0.3165948079066714
-1.7316573691806634
-0.42802874637554916
-0.28890986955879405
1.1802719175170218
-2.007980972419581
-0.6628380356535581
-0.5236867537356465
-0.4050230809121913
1.3558146157956101
-0.5814952421676292
0.3787121388118009
-0.2855916372574282
-0.08370604147187671
0.9343223857572655
0.7315336443173569
0.43323184507432233
0.0603985368708649
0.9837189620283954
-1.464031762454226
0.3926826327779646
-0.16497759438722817
0.40377011905353444
-1.9531675292816257
-1.0783217041656843
0.2786564561285096
0.6625516660331248
-0.06637150980773533
-0.8641072587638031
-1.5965720365606335
-0.9674842100974906
0.4428510272404918
-1.284993690009496
0.703817678173972
0.05502253666415163
0.0434574644692548
-1.0292807349551847
0.13904499419773578
-1.4480699325468787
-1.5829264013359365
-0.1612854089209178
1.347921302693264
-0.973476357267196
0.8301864411554066
1.647861805003662
-0.5330769729502587
-1.503998272097227
0.2845686499132647
-0.42516697797346387
2.116021767316486
-1.088593008151143
-0.10310516888101195
0.9476514552781072
0.30548719644422057
-0.489544449779121
1.1454103077343856
-0.07936579539142567
-1.4702341972772908
1.385422878514791
-2.1174866355822943
0.45157457176314936
0.6316908086768904
-0.36827867539754683
-0.8938233426393838
-0.7399618772976377
-0.7859238542962884
1.3381688361346515
2.1750233016785594
-0.10309198840530424
0.16455789354483133
-0.6407089270322425
-0.984940942060877
-0.33519244102058965
-0.7158597320775173
-0.1703934425412992
0.8319634415214843
0.03536933969622045
0.495067091777406
0.30327424265015335
-1.6867560869218268
-0.5310144303838263
1.209045669374313
1.8992703842540821
-0.9165185157418962
-0.040470791978112354
-1.5237845072099512
-0.6158043336717265
0.014768557524514277
-0.6644118855359974
0.08362078889589337
-0.1200581649621111
-0.712285727608984
-1.6959197293888668
-0.5681333177936254
1.077515111881044
0.0985309921083229
-0.541903263266002
0.9243072778288541
-1.6529267399854546
-0.010913754333425377
-0.15371601318388783
1.2818699833168639
-1.8074874266612309
-2.243357337273035
0.054796272003206394
-0.8727641349573175
0.3188396423217693
-1.9414293269132974
1.7966370717107738
-0.5738932811225101
-0.7486738026855927
0.5370507643255825
0.19119841761772585
-0.2923177850433153
0.17175636601949465
0.13861244699553046
-1.74577897450745
-0.4996638057318095
-1.2853910739602086
-0.18335616550623174
0.5337617743962174
1.3810572514136745
0.19807435919451585
-0.8259878636782956
0.289941913945189
0.12598274107603183
-1.265965551799744
0.5660363929847106
0.8824281713883618
-1.2199692439354413
-1.088189642772689
0.30259543425743535
-1.7529376285888243
3.61493314069372
-0.3365197462098717
0.5456460014614188
-1.8431521456722448
0.27610986704280566
0.6036749758796845
0.5356796144661089
-1.5024104769327238
-1.052208044864645
0.16444413972215133
0.7181684212406259
0.14691063840542767
0.12197248103458061
0.3828405956317099
0.23943067905025797
-0.7417138655208785
-1.306957129040104
-0.58327749332886
1.3132960019423765
0.8398959383358144
-0.23995345217534234
-1.3927089985368466
0.7997802864120264
-0.7164346739595829
1.0776187849020842
0.969196465101782
0.36622321563108123
0.1998454266367916
0.7284979766723454
-0.8639726421325844
0.3186734796968462
0.930443190434085
-1.1129613178311957
-0.8892836997668189
0.11800374987680962
1.4555382455196868
1.4878793690192342
0.4748524932060854
0.42335595117412805
-0.5543342694614897
-0.2745045115063525
2.3281665341401925
-1.5063755866649737
-1.1197885570392
-0.12834008896966606
1.1269121530890143
0.9310206003338621
-1.075338905248046
-0.3851385327215399
-0.2569239913684585
1.2090281154873936
0.0828279801820336
-2.003773900882522
0.40887578148016235
-1.2027557183891955
-1.4569691617460907
1.952158686671228
0.5895200778032832
0.07475317021067876
-0.32549451020050046
-0.31566236801629116
0.7079076607602209
-1.0151538596433094
0.4734842492581795
0.16226303127250702
-1.065980526260077
1.2743373595416094
-1.1087860382495363
1.070868737327458
-1.2141263996246403
0.5148674047434819
0.9680782154413382
-0.3188306253848601
0.5785593159244387
-0.05336826928096807
-1.3918680881815726
-0.3281740036073963
0.13535447656529362
0.5421690095902043
0.759919840696373
-0.8892549791566502
0.1501379523926722
-0.7999761932927214
0.8783606933378274
0.32226279195786106
-2.2428953440770805
0.7002075119033614
-0.3466815051968205
0.10514053757714104
-1.5417642820361173
-0.42367217747466307
1.5881302688453138
-0.483784256956099
1.001428517012036
0.22341651253885234
-0.12487078270508478
0.3394796061007075
0.8793158795097473
0.6156808971891967
0.6337724940049787
-0.848034471949633
-0.11891100095339449
2.8451909227129093
2.682968646420671
0.7991934766674875
0.05697620355047078
0.670819871456663
-0.2411379185518927
-1.3133491504738812
-1.1209983091956779
-0.6467168030947956
0.8635910481399846
-0.21579691057786998
1.4630263533405299
-0.31535639741754923
-0.45641656381427415
1.5200358135939578
-0.3699385199816594
-0.6926147850719836
0.49790435690117957
-0.5219917142002808
1.5355095582705183
0.4648555763773839
1.3256460549967348
0.19374691974484978
-0.4447098096793821
-0.9192468490515605
-0.33968343575843885
-0.8162120809494922
1.0969121028288216
1.01948407868484
-0.08589107825750059
0.32925625170337713
1.0910514390101709
-0.792997235456395
0.841155236734821
-0.8476960836943874
0.45167149059275
-0.3822500897681854
-0.43126277301408866
0.06686809180103401
-0.09525555711555428
-0.8763286952242103
0.09340743145160445
0.5597814799313587
0.44952292963977697
1.2835120021314619
-1.3637205683845757
0.5306783116499488
-0.492585882958867
-1.3603401665499564
0.6663337390364779
-0.49355580030737645
0.41817227748059493
-1.4103941857827784
-0.1738899317885287
-1.0151646857409644
0.6174426566688344
-0.05391143902741131
0.29696431871795204
-0.4767719341302255
-0.31982884693118013
-0.026352469750532438
-0.07601588439972527
0.38663827167732295
1.809616187194422
0.33426046168357004
0.41730843805379636
-2.7497187996063106
-0.2882089629599584
0.46253825791711967
-0.7923417465697041
-1.5898295928381447
-0.4173816177145886
0.6099573350251378
0.22582202977979188
-0.7744940665138965
-0.2817123420065537
-0.4110740049268663
0.7638695463827122
0.13450435481075293
-1.1537349072158718
-1.4965825366745644
1.5627883216993614
-0.5356002601544517
-1.2706628386132928
1.6302333139986445
0.19491923586408316
-2.097346633146768
0.014360169686411519
0.13616454546555196
-0.32420316727866283
-1.1514171603677956
-0.3511068137037227
-0.6668897627163924
-1.2651112930038548
0.2844450824849118
2.172903467223411
1.8060005140388091
1.009571705478001
-0.32483172221460455
0.7425300931221672
-0.16066512647244327
0.030782496729265592
-0.5160181047139876
-0.36496445100029173
-0.28917263277022603
-2.470884717297923
0.37297750336014257
-0.053497452596263546
-1.906133408386794
-0.4018914945768443
-0.661088957306571
0.13012794827903418
-0.9545692614605452
-0.9321460064309913
0.7284717713174894
-0.001620229136812717
