0.4053492133149478
-1.1970286063793028
-0.8448526570083245
0.7123914035690722
1.1191663026341385
-0.6243147924429104
0.8856686709994798
-1.0394397473578871
-0.07957471577591183
0.9467052360873947
0.29590998633216575
-0.11623258639521951
-0.6881448740811298
-1.3380708793127798
0.4087714452478426
-1.1962172766415686
-0.7501224946123909
-2.302586431551276
0.38675662872826927
-0.604028017812054
0.2799925948478389
-1.0536184458361522
-0.694923528839308
-0.35464145907545974
-1.2062406542776214
-0.9880577600941549
0.7548545679219499
0.31525371706734984
-0.03748707276154854
1.5680723889370456
-0.9136664568277055
2.5329832152868765
0.7712487792332661
-1.0465068052581425
2.6687409067850596
1.6029638202303138
0.0026689464520139807
-1.2616843185392057
0.8218367315362806
0.31779638892371814
-0.40607641413962225
0.24349712983912222
-0.2704249518729058
-1.2632313459961648
-0.3541409165762005
0.6779412210854444
-1.0891652658630437
-0.8154948210229396
1.2715427979661145
-0.6894617633646153
-1.8566441124578792
-0.4838722959673491
-0.58994597663794
0.6467568384150901
-0.03690606318039278
-0.6331996227479013
0.2120039850274309
0.21430352425581461
-0.08682334956826197
1.616206186205133
0.8425085852657221
1.6331874844456276
-0.5474994916500269
-0.5527946041439774
1.0233545197221974
0.7270562574863714
-0.8289356747769402
-0.2715107855339539
-0.19526404118176816
0.3478133404608496
0.2175008234726092
0.1373207981238178
1.1658319363897267
0.619425898437056
-1.321535967360849
0.15232793803431083
-1.307784705575875
-0.050404360955094644
-0.10339646553692838
-0.6372093966676081
-1.212183581691097
-3.204063663261096
-0.5531382295191185
0.5108124071336333
0.6925043234846273
-0.578943339921694
2.428898650788712
-0.6555519312843479
0.5071395544211323
-0.5648887979682626
0.07262307709491665
0.020485346668557905
-2.067741894390389
0.06341438510223017
0.5627719631911361
0.9052894735934224
-0.27125142333142627
-0.5894870631803253
0.25265736901296504
-0.7542187675995657
-0.22829867705651105
-0.8474671674254294
-0.12498327026188703
-0.425797157244392
-0.6040105039496008
-1.4278603885142749
0.4348850242818938
-1.0891903537166838
-0.06924525423225972
-0.4043515760435312
0.2646243386566517
0.4544741998553165
-1.378035885124368
-2.8542399730719836
0.29548494192435143
-0.8434884585012655
0.9431439888357809
0.34774187370964876
0.8316326785935664
-1.3060232362809807
0.5477412552467257
1.2331192968196671
0.3035804815439455
0.2713299408522682
0.6488508305189877
1.982396430986525
1.037317441666766
1.1710958199477988
0.28081638409094384
1.7619596757586635
-1.5700672515394605
-0.46847113042489946
-0.3113881134459673
0.2585082315215628
-0.8376263173683131
1.138060348398958
-0.4288286810074531
-0.9311633786644162
-1.4766386892137624
-1.7254190082641032
-1.765525780790993
0.7408004658425911
0.9265023465341048
0.0892883872240869
-1.0402290325321084
-0.5251578556748961
1.1160075265180034
1.0723290404716537
-0.5864717743426479
-0.2067139733442211
-1.2735293167258601
0.34528488357944903
0.34232950629308867
-0.9877068890356677
0.9290260182664202
-0.46518316513992736
0.8277739860238922
2.18476680613829
-0.2168474143599842
-0.6987772242479519
2.2551479754357566
-0.8766143905887446
-0.212095157337127
-1.2392188304377931
0.023092039324766254
1.8732958285404877
-0.15388050677540915
1.491112410960941
-0.3062952926181219
-0.37123141012687166
0.734552357693848
-0.9327741034471647
0.5564494744912897
0.43369882379935537
-0.9270762725470433
1.3259041462912784
-0.8223007528740051
-1.3629760393443915
0.5650351234767235
1.3099967548622853
0.4794007980957165
1.5116683637012713
1.053777780986578
-0.6627848755974007
1.484501281791892
-1.229420497461128
0.21995839659422398
-0.6069922808486303
-1.0934612208541814
-1.2753996416561841
0.9712366317707674
0.2317670471531604
1.340413157585885
-0.11637242322671636
-1.915148329665235
-0.15999907809247685
0.4364255513435112
0.5356170801759573
1.7480329462874513
-0.11167792289513273
-1.8535432865817576
0.9793501311462334
0.4716069421914536
-0.8017677631054433
2.2588516580668854
-1.5713406373858771
0.49388029368990466
0.6528339466588621
-0.20517015374497394
0.10717713666511326
-0.17855844243173963
0.7382226967310056
-1.1914373063872017
-0.1878451331171994
-0.1541382084998617
0.5222702885705255
-1.3960111798490111
0.6672318639409882
0.9106035551563835
-0.494340732445613
0.2533132022601505
1.244249947325757
-1.1748220385490031
0.3652139891980103
-0.0920506408831421
0.7503467666238125
0.28977814889962
-1.6431623026773905
0.8183741874704841
-0.06148235829268744
-0.6853191609201521
1.629382570321244
0.45077351073583694
-0.07886652481446327
0.904406808303492
-1.2853517211257772
0.5144976971401891
0.7016741859161766
-0.2561419789187266
0.07357787249347768
-0.4881111037065819
0.6831400635115485
0.7210457594128216
1.0805265717517443
-1.1200423877778507
-0.9567191204244058
-1.2537029513598592
-0.85688627044187
0.16112046437824376
0.18578356311530392
-0.21699570825182676
-1.3050074940436927
-1.2499706698646615
0.9904937405098752
-0.494914243630512
-0.34610528076665226
-0.8421434385494403
-0.028708239116844825
0.29053928589231276
1.755487933078584
0.8649215023635608
0.519099987524544
1.3600764284784292
0.9575826755413568
1.1409627235846473
0.780015640149042
1.6366479343192861
0.8417871987754743
-0.0027595557556514597
0.875388327274635
-0.5168225304313347
-0.23359260216227615
-1.0203652060911794
0.5164417441909367
0.7319085418817012
0.8460118800139774
1.0594107499277174
-0.3299200382373549
-0.9919531640834545
-0.47594149241666084
-0.057930573641400945
0.5551212822461323
1.2033158334960756
-0.9128771641693781
-0.55232890395409
-0.34583330987093147
0.8969922266682133
-1.2632912102431233
0.2266558702168535
-2.409201705963339
-0.06254086985576991
1.9402342656535914
-0.236941231787978
0.10818024412481547
-0.05654903691218498
-1.1257480783787377
-0.6126596333456606
-0.817452156877563
-1.4521490464512588
1.2111290249921292
0.08663789573014503
1.310363707893792
-0.175975833993951
0.3900691915615408
-0.5883703568215453
-0.35483150594337076
0.17889585109855075
-0.6926719673963768
0.004527115302117493
0.34552855721321424
-2.3433974844692544
0.5318068447688653
-1.4066917761742312
-0.1658838406518503
0.6795921770221454
1.278550147645215
0.003409724849502197
-0.23646509234932733
-0.11290597783850337
0.2849492806314422
0.08375958751217805
2.6543248667126336
0.8428686149275784
-0.8938296260646037
0.1272397846902559
-0.2506907784780641
-0.3810026935179629
0.8055588150240138
0.42904232971077344
0.4216245811024141
0.6596059147505249
1.6301899672922369
0.9655263713728217
0.43339640947086033
1.1422314275966694
0.28451620075263967
0.45628951071055684
1.4484765660515713
-0.2822725243434059
-0.46741813318231246
-2.80124007569301
-0.6578410160447947
-0.9816160223855647
-1.641132180917128
1.0470913031621654
1.639168326267871
-1.1183546564993445
1.6557360582714022
0.2834677987121214
-0.784041518428863
-0.23950483854931506
1.0943405615573543
-0.3846540251032748
0.07418123882657734
0.32223182932922767
0.02925810495499033
-1.2133488094971399
-0.1274404534060612
0.5164638855423352
-0.5543411736299589
0.25127912524273704
-0.2536379042710825
0.03297234776642446
0.9894031821917267
-0.7356297551140835
0.8795485664603526
1.1298359600220895
0.3709912158450239
-0.03875987842092923
-0.05906603838412977
-1.8362612610893367
-1.1536756512749433
1.8010508832349836
-0.6600536922546815
0.16231658017433181
0.8871893538435457
0.5878022581119005
0.8444441123250715
-2.4872144171726847
1.4771311441286568
0.7698969723147365
1.715889013964961
2.1846663308328886
0.5080086343409057
0.41945539463021686
0.48463415110463476
0.5518249734293369
0.41966659353221836
-0.9931527575467679
0.6082835006889595
-1.1535320691713478
1.5733126704696796
0.4932751484701671
-0.5461779620964912
1.273642525700831
-0.5847510161789918
1.7037581448867494
1.1598641341646354
0.9056647082423771
1.6540814741741299
-2.2465280816412703
0.3373310629708766
0.8075114089639638
0.01187179013206057
-0.8254397714844848
-0.5549831878872594
-0.1124901950088619
-1.2531912078391774
-1.6982953782302623
-1.151591352969266
0.3135012152574258
-0.8204032725534448
-0.1321456850604494
-0.7560419229215839
0.1771963824581458
0.17567132144891284
1.4767047678819842
0.9402116694497776
1.5127077809080414
0.3813496484349247
-0.8430831146988548
-0.33056075366718374
0.6151200322255789
-1.1248476814307649
0.06599127506709947
-1.327509490443646
0.1839665644760013
0.6099076940942898
-2.279480169543865
1.058456016120553
0.5196196655869121
0.0285114600856728
0.8365446981443134
-2.705227760859953
0.24457627075555863
1.5778083072012774
-0.4983807351920398
0.7668212958671939
2.7924053724460776
-0.4760558363838259
-0.9961211063795461
1.2588383501750253
0.3588945659480982
0.10483424663780926
0.0013739401965157379
-0.4090742782233288
1.0631702371299296
-0.4719234717089704
1.9192338495394556
-0.6167390739963524
-0.45811581397843304
0.36252020450213807
-0.11917019809651014
0.9921927552331479
1.511060851140487
-0.5279876987895078
0.17203511516645367
1.0012379735197743
-0.5549898091798092
0.1968411043773042
0.046348173940353295
0.854064427609787
0.5364907666014701
-0.35291193043385016
0.1486547845408048
0.1914894750875536
-0.24176768482667788
0.21145924605611285
0.9981209336636514
0.8537061692320238
-0.14191474615440566
-0.44086400543188553
0.20984940500058227
-0.5730629162926574
0.4859757204768627
-0.6921231555031783
-1.775212457917056
-0.6002863472118101
0.6893536768255297
0.4475832302863447
1.1720508169529849
0.5827386609492471
-1.7061199196676267
0.03475546891659422
0.8480741758758884
0.6570579103782132
-0.2748541460522893
-0.681742771438476
-2.3000858041048655
1.5221091526657875
0.8535535348386873
1.128491801477674
-0.7502324878237141
1.1418405880676106
1.0348933665112343
1.5222357913952789
-0.4063600985350065
-0.5909890482156567
0.16519150114049758
0.4772932361707388
-0.9205813297095665
-0.7063229780301634
-0.9719797795390909
-0.3499655073898338
-1.0438226621717426
-0.41592785329672305
-1.3728460083437806
0.07176055412499992
-0.5961323734280779
-0.2917552974298976
0.18382458780071464
-1.0823781482952837
