-1.315845836986649
0.2682680383921739
-1.1267782244079887
0.13251788872171355
0.5047618100888566
0.37557235299661484
1.322373535805676
-0.17823520067009035
-0.7803624082470849
-1.082766113982342
-0.02396757671258391
1.4733370083583874
-0.9776012414554889
-1.6556673493045215
-2.730657836434574
-0.009094371886389821
0.07268734933934498
-1.7344820305027802
1.2670994013497303
0.9147426343299759
-0.6503045125447069
0.5753815295744719
0.19053262418014894
-0.47078070744382033
-0.5801643774695173
-0.14068491795617677
-1.0513346876852365
1.0319831845517247
1.1097870924867428
-0.8334514703224266
-1.0648397943464865
-0.26866309469665406
0.560394924146133
1.0042963562279539
0.03796620084738794
1.5121916648236822
-1.199717472709893
1.346426662286355
0.8028491577349617
-0.6257378116198802
0.5420620239965713
-1.2031449174334565
-1.3401986085377828
0.050816161414677125
0.25645014002920163
0.995205097004117
0.18019327946625718
0.25482126820498935
1.2498863225205181
0.22446676217690206
0.15670364264572487
-0.2697205180776301
0.6233324903958689
-0.8237814667275859
0.29584603294193423
-2.1110902032529126
-1.0271075640419438
-0.3650658917022267
-0.01886635925135447
0.6942494959820424
-0.8662843715695552
-0.6089743723061084
0.7783076755965403
1.1528653759638823
2.439080013756003
-0.332396014080727
-0.5158711467359386
-2.1786383816619237
-1.2264716065298407
1.0346971264386993
-0.647800483307363
-0.7063650184187592
0.6849597704962506
-0.48293839889873863
-0.6765500553367029
-0.2964172615483476
0.14186360813342938
-0.1563993447424581
-0.02673143618882867
-1.2209922774662503
-3.1004644867675957
-2.082178141694997
-1.5328724038557404
-0.30035466131190913
-1.0660911216953146
2.156413668158221
0.10109359411959419
0.9841784894674287
0.3389762824891723
-0.8768061769448513
-0.3839097683406638
1.4585353904891325
-0.1592535124443152
0.7685732409636034
0.5743998336190497
-1.0806239519563874
-0.15662571100156525
1.342952523292772
-1.5133422984943943
-0.4481349537929717
-0.10917208467234463
0.18374800940531516
-0.005032199631285684
0.9472660505250384
1.4517423241725111
0.3617081849130296
0.32969984310549644
1.1173852968046571
-1.203547027401181
0.021551542103729816
-1.24536654380008
0.472073249346792
-3.457613274605479
-0.2531570931444305
1.3389372501950882
0.6108335822780425
0.6036273357408956
0.23050296749299073
0.0633093562213378
0.5839854516082922
-1.841049971416587
-0.41560262164713396
0.49585282888052534
-0.21421684023817605
1.6616028585643594
-0.10433713297148002
0.6527644654577467
0.720139879700601
0.06213130124521024
1.3191646414167717
0.3512536003729753
0.43761597141369313
1.0297608073564315
0.4364018736919462
-2.2927033021247603
-1.7166938815416353
-0.43802829966439244
0.5417555206659486
-0.8558419757138725
1.2371399740006404
0.13971797595487628
1.0636337713604962
0.3879401445386664
-0.12549294358910432
0.24163599876371009
-0.1054428680850183
0.3088101598869346
0.875528087676242
-0.01833480482166023
-0.10818417377799404
1.0245028231660238
-1.2239671877888616
-0.2235284692920155
-0.4132462452989879
1.089654439713691
0.17805135330984068
-0.8129433502694376
0.09065203076189138
0.15313517636391746
-0.5026991964284477
0.7949361586411134
-0.08339942644897896
0.8002457419965167
-0.5325800177569963
-0.00682568537610352
0.3398083691799572
-1.8231113687474072
1.9963990828994638
-0.9396159789984678
0.91798378315077
-0.6317085262443458
-1.1381813036990307
-1.9100673141141504
1.3478678951262002
0.20513707548538943
-0.260246669820482
0.13761588877993441
0.37587307249058416
-0.9385918616723185
-0.5425514748890142
0.9587895391678429
-0.8471536890647902
0.3681588156041255
-0.5024925569125247
-1.9665801426169156
0.6144787626700547
0.33715994941679095
-1.6335257228639246
-0.8842470245136969
-0.10249512477543728
0.6702889681947181
0.07863838334421165
0.6903727357072922
-0.8045035498982362
1.3295773464988196
0.7867647929297173
-0.6039581249604293
1.0112781994676332
-0.47886136649350974
0.16603390551491348
0.36659178146407145
-1.4383203796423245
0.7828414915154971
-0.15137409490376186
0.8240928748091882
1.6068778027685195
-1.3130556892433833
-1.1505383604927322
-0.9156197905342801
1.860681999777783
0.2311786500956029
-0.4797409300088765
0.5436607822576262
0.5696633830426203
-0.6572934444458577
0.4998738871869443
0.1044768993863461
2.047692428633321
1.6913527762538114
0.2514257162589559
-0.5511380916509423
0.4236086925250133
-0.5294247813014883
0.39192243193907544
-1.284885640217177
0.5331141614496131
-0.5484942756627617
0.5100925007482611
0.23257246489276295
2.5999356615997664
-0.478455142789342
-2.3475786573584636
-0.3357225338170223
-0.9970334149765395
-1.02258303928969
1.9395373180929998
2.6780226645539122
1.328336419930914
-0.5999485164442122
1.2451079525007835
-0.05995007075318144
0.8953604931418295
1.6155910179029407
-0.5796964750205448
0.7287539205770472
-0.52254756594133
0.173158305435157
0.7794482049596843
0.9922963534719689
-0.8277166174576346
-0.23520883237169682
1.1338010854950484
1.2280642773221389
0.7104308436832073
0.7911434026604611
-0.5169736279632027
-0.3770753387239567
1.3583502174793283
0.42103612522472406
-0.09838802673935829
-0.26217102617822585
0.7559768830703333
0.6137522131923172
-0.6186690157409266
1.3175487599392912
-1.0166568295740688
0.795824433885154
-0.6278093452826615
0.1540648970495511
-0.6461481099678642
0.6011181003686524
1.598060823605884
-1.5542714438480516
0.3672898801865326
-0.4093807344079187
0.3801608850419598
-1.0103274235823134
-0.42079965385938234
-0.08646329771138742
-0.13489732385253883
0.647050524318277
0.7203207128553996
-0.5908460772742885
-0.6498112194662241
1.15972201571839
0.542985402033127
-0.19609516683261477
0.37691071214135824
2.2066854132752045
2.8266110642732336
0.16757963002675086
1.0800828245208076
0.554072850972403
1.032333129211011
-0.6598698810289133
-1.0342468412520265
0.6078924587211055
0.25257128807114126
-0.46774168312573094
-0.640996284571754
1.1287526797331842
-0.3791980327464822
0.08552355974062506
-0.6779598237682569
-0.8822278525880134
0.5717087301655692
0.09050266264935275
-0.3159973023296368
-0.3726620355958173
0.062492107000699404
0.029479091295310133
-2.6471585547269236
1.017405206753537
0.7265100772500854
-0.5221247397965458
0.802038406155995
0.6035908962076699
-1.4648458551959984
1.9252065229846638
0.39875884632276837
-2.076931990782518
-0.9154577103814121
0.21755409346375548
-1.30336516191516
-1.0438332049676444
0.9789803377858093
0.48048576886431155
0.6269652475509531
-0.07180948593724851
0.678728302658648
-0.5731390729099799
-0.8990118714971376
0.12526328995385336
0.037656515043002624
-0.041407251796274254
-0.6701646050799527
-1.0770507393654782
-0.12169651606970257
-0.6864518491035226
-0.7633061319048899
1.3232175926001029
0.6158389158576126
0.9942113937627869
-0.2554707899576185
1.517171468594361
1.5436964996603637
-1.2298005547646491
2.2656819050630794
0.4651981213742889
-0.307081324292231
-0.24047042455999126
-0.18646967966266143
0.1877929245299713
0.47221016186298725
-1.179105135693404
1.1395287707555208
-0.19178393394599316
-0.3801194640074124
1.3857179771172943
1.7798986481493198
0.6639992991128821
-0.5912898467992505
1.159320530268513
-1.8524509677099696
-1.5867291877069902
0.43653567168512836
-0.2770780889577628
-1.420345430726464
0.3260796729191021
0.44038993132875864
0.7039662474585638
1.3421854431230975
-0.2738222397436335
0.7364164880393032
0.2757585156414786
-0.4026557382396588
2.6007228235260276
0.9791671616988964
-0.7045636990676875
0.49233505535896493
0.6172513901427348
-0.2170706823310603
-0.7756455722774446
1.494859456054979
-1.1852110344963895
0.9856953609205885
2.7341003222952365
-0.24554223494642036
0.09495464633433434
0.3380521659241131
-1.2143148471153542
-0.3350511749911878
-0.0665905291993031
2.417470895667573
0.5375911396946216
1.5183129234767687
-0.5719660455989869
1.5616576640064601
0.8258344583243357
-0.764460255119642
1.1726873769293797
-0.9415886716471846
-0.662061443267937
-0.20155663479651556
1.5288240102131834
-1.2993414618274655
-0.13895387509181256
-1.6726319404882755
0.11387667605251686
1.143681537150975
0.24659274061494735
-0.720223058538164
-0.06399964798869524
-0.8423187921230143
1.0251444494610147
1.9118518808552531
-0.06283151740247826
0.860844798462964
0.029464932843208166
-0.021468379816028255
-0.7457609292008714
-0.8678063436053034
1.3163716941310748
2.3683181545755168
-1.6782422530994812
-1.447640857037104
-0.5757206943276041
1.0545941728899502
3.248379709326516
0.6127773176878838
0.6874209101598789
0.20755222547234164
-0.012197740951862926
-0.8188947222228212
-0.22216488728222775
-0.858530292985296
-0.06218823537651873
1.1512751085395307
0.16965026952333237
-2.186981851866733
0.8332191333389934
0.8978779832181556
-2.3674763077286842
-0.09757421206853083
-0.2277182899460113
-1.202918316412294
-1.0099583864141823
0.4835620634039144
2.2337869266115375
0.5624340065885917
0.9076965941818735
-0.5061323957370657
0.608872723983001
-0.13823184236055458
-0.5255137069640746
-1.4083208363267323
0.40033517571126453
0.2887739592589596
-1.1162920904678555
2.024576137642724
0.7073179782542748
0.4295488916607283
0.6932381066734201
-0.5344987852969612
1.1363145299767095
0.4822870825764721
0.394200520924945
-0.17817577932828355
-1.1068026743199644
0.32666653136388074
-0.6328933743660327
0.4443081994596567
0.6106893938908047
0.9524218209803081
0.3480079201117498
-0.28508920857368275
-0.14124588254014708
-1.2121673649203268
-1.22928641420927
-0.7156533777095347
-1.115616274809107
-0.562544022127906
0.021090250389531495
-0.23634080903694585
0.7479684594092434
-1.2591924601833715
-1.287139113605513
0.9923409614498859
-0.8694845410238656
-1.7393097900943164
-0.5554002751455408
-1.1022695270844967
1.2331236257234084
-0.3004942708447705
1.2400889571089622
1.3079710335451815
-2.166684694565606
-0.1186022204261935
-0.41355842721897335
1.5953050259292458
0.9046584470237221
0.8285199544171575
-1.7178731449095035
-1.9407842464017537
0.3199944297018528
1.0936765231502306
0.80733860945082
0.3985896352429689
1.473621650588514
0.729319501581538
-1.3222991288208779
1.4505790051672671
